43.02598 0.02
54.85207 0.02
57.56296 0.02
57.32672 0.02
47.75597 0.03
48.76208 0.02
67.96045 0.02
66.06414 0.02
62.39599 0.02
44.61518 0.02
48.61431 0.02
47.47481 0.03
54.57509 0.03
52.19059 0.02
43.73793 0.02
57.59775 0.02
56.20504 0.02
43.81774 0.02
46.68281 0.02
76.83057 0.02
53.31559 0.02
67.57559 0.03
84.48789 0.02
49.11694 0.02
43.56123 0.02
53.38436 0.02
73.02794 0.02
53.49205 0.02
70.01366 0.02
44.79182 0.02
45.12506 0.02
55.85019 0.02
68.69213 0.02
44.67935 0.02
49.22195 0.02
52.99622 0.02
79.65567 0.02
45.51445 0.02
47.43387 0.02
