36.01885 0.68
35.88814 0.45
40.01689 0.41
37.51386 0.52
41.92075 0.46
36.41215 0.63
37.88859 0.58
38.88785 0.51
39.20780 0.62
37.46335 0.49
35.86736 0.34
39.18078 0.59
37.63926 0.56
42.13223 0.46
37.68692 0.37
36.97404 0.56
36.33837 0.44
35.71312 0.57
36.60029 0.66
40.17087 0.46
39.58948 0.41
42.89917 0.43
35.08939 0.50
36.36657 0.54
48.82491 0.49
36.42676 0.57
36.62346 0.45
36.82694 0.50
35.21715 0.61
36.47361 0.58
36.85908 0.44
41.12196 0.45
39.68330 0.46
35.57470 0.55
38.76725 0.53
42.15257 0.57
34.73613 0.62
37.22114 0.56
35.82627 0.55
