52.95804 0.02
68.85874 0.02
50.91740 0.02
46.98713 0.02
65.77365 0.02
57.98301 0.02
60.11392 0.02
41.82887 0.02
61.77208 0.02
46.36987 0.02
50.26146 0.02
42.50698 0.02
73.68827 0.02
64.48056 0.02
52.57445 0.03
59.52383 0.02
73.11685 0.02
68.91391 0.02
66.60476 0.02
59.62006 0.02
44.69420 0.02
58.29285 0.02
51.78841 0.02
43.10625 0.02
44.28404 0.02
41.98982 0.02
62.53975 0.02
46.71779 0.02
49.94652 0.02
62.04524 0.02
46.21296 0.02
69.84609 0.03
42.18724 0.02
41.22100 0.02
72.52845 0.02
41.21929 0.02
56.53426 0.02
82.86614 0.02
43.03137 0.02
51.00048 0.03

