41.14599 0.57
38.08708 0.59
36.74459 0.51
36.69628 0.52
36.59222 0.52
37.02806 0.57
38.97242 0.53
37.28265 0.48
39.84938 0.57
35.86736 0.51
35.80113 0.47
37.86573 0.53
36.41809 0.58
37.99557 0.60
39.43623 0.56
41.67264 0.41
40.37461 0.44
37.93399 0.59
40.40483 0.51
35.85907 0.60
37.19763 0.54
35.89286 0.57
42.49016 0.54
35.91156 0.53
35.19135 0.55
36.59831 0.54
35.47346 0.56
37.21635 0.48
38.63162 0.45
37.87197 0.60
35.71252 0.64
38.38188 0.51
35.76461 0.48
34.86714 0.51
35.67513 0.39
36.35399 0.33
37.31285 0.58
35.28431 0.51
38.31483 0.40
41.07681 0.41
