44.51972 0.16
47.33329 0.12
48.72919 0.14
67.62147 0.15
67.94005 0.15
65.12860 0.13
55.22011 0.13
64.19776 0.17
87.77263 0.11
55.81907 0.13
47.05008 0.12
77.13273 0.16
60.93858 0.14
82.44308 0.15
64.80574 0.14
47.79511 0.15
96.11645 0.13
51.42429 0.14
53.15813 0.13
50.35152 0.13
79.55431 0.13
52.79381 0.14
57.32052 0.16
44.48494 0.15
75.49778 0.13
53.52423 0.15
45.17686 0.13
51.93047 0.13
48.47125 0.13
70.95892 0.14
53.51128 0.15
60.01524 0.11
62.44665 0.14
43.21147 0.13
42.26723 0.13
46.60695 0.13
42.71413 0.11
47.07061 0.13
47.07107 0.15
51.49085 0.14
