38.23691 3.70
39.84206 3.72
37.27284 4.54
37.74305 4.40
43.36562 3.29
49.90121 3.76
46.75957 3.84
42.08859 2.65
42.10502 2.20
41.90509 3.49
42.28239 3.75
42.63957 3.54
44.20503 3.50
41.13805 2.62
37.40514 5.05
44.39157 2.59
39.88332 3.75
45.55622 5.00
40.27629 3.75
44.42146 3.54
41.64738 4.34
42.56338 1.46
41.17995 3.96
43.43759 2.84
38.30964 4.94
42.66593 5.51
42.22583 4.83
41.43707 3.30
41.42644 4.32
37.59568 3.52
42.27890 3.09
42.90265 4.84
38.28725 3.92
45.41955 3.05
42.78906 3.27
39.32635 5.20
42.08046 4.51
47.78493 2.48
41.92181 5.06
41.28252 3.62
